8.72460322247399555628533107665135e-01
2.94283157114563698186771034670528e+00
2.79821514699228757194759964477271e+00
2.65117166978514395836441508436110e+00
2.50451652251217016242890167632140e+00
2.35984771828487271960739235510118e+00
2.21865231756405512086871567589696e+00
2.08202231409545124307669539120980e+00
1.94252035515021237443988866289146e+00
1.80330414273046391038235469750362e+00
1.69697827538156076343511813320220e+00
1.59470025911527391038191581174033e+00
1.50174206770988760695217933971435e+00
1.48377757514912889114100380538730e+00
1.54868851790286288228060129767982e+00
1.66450779302053097907787559961434e+00
1.80912421717387950081956660142168e+00
1.95616769438102422462577578698983e+00
2.10282284165399735442747441993561e+00
2.24749164588129524133819359121844e+00
2.38868704660211195189845057029743e+00
2.52531705007071627377968070504721e+00
2.66481900901595514241648743336555e+00
2.80403522143570382851862632378470e+00
2.91036108878460675342125796305481e+00
3.01263910505089338442985535948537e+00
3.10559729645628035399340660660528e+00
3.12356178901703795958155751577578e+00
3.05865084626330485662037972360849e+00
1.74843558484229699701018034829758e+00
1.69379000130192225448411136312643e+00
1.64445544527716847049703119409969e+00
1.60782894369839812753752994467504e+00
1.58471088707770668690955062629655e+00
1.57502412618054177251281089411350e+00
1.57303417959398905701107196364319e+00
1.52554655774232195142303680768237e+00
1.41738875616120307832090929878177e+00
1.27486908158419476322364971565548e+00
1.14116138917101905825290941720596e+00
1.03688961514521449380765716341557e+00
9.35043596332555071448666694777785e-01
8.55472862551486468163375320727937e-01
8.58903779323870408823893285443773e-01
9.13549362864245151349962270614924e-01
9.62883918888999157381647364672972e-01
9.99510420467769278296543689066311e-01
1.02262847708846082994682546996046e+00
1.03231523798562596638817012717482e+00
1.03430518457217845984530413261382e+00
1.08179280642384556543333928857464e+00
1.18995060800496443853546679747524e+00
1.33247028258197275363272638060153e+00
1.46617797499514890269267652911367e+00
1.57044974902095302304871893284144e+00
1.67229576783361255643001186399488e+00
1.75186650161468104869300077552907e+00
7.88266770613320510996402390446747e-01
6.75353879937497403318502620095387e-01
5.64088793256058873559766198013676e-01
4.63345036984790126233235696417978e-01
3.62940198171065042664906741265440e-01
2.62403658887869095650557937915437e-01
1.61553963673739031658982412409387e-01
6.15914604780454580379434048609255e-02
6.06172987443397426332580835151020e-02
1.84802537492057716850268889174913e-01
3.16655996293903063687480425869580e-01
4.52291155382926191030890095134964e-01
5.90613809915549015094882179255364e-01
7.30571726177297819937450640281895e-01
8.70734739628011955581143865856575e-01
9.29189388294266893630890535860090e-01
9.28695600372513085929426779330242e-01
9.13563669079503704040234879357740e-01
8.85191616245049717193182914343197e-01
8.43804099100180948767047084402293e-01
2.04325057091010853227430743572768e+00
2.14399432718137639142241823719814e+00
2.24439916599510302930298166756984e+00
2.34493570527829753302739845821634e+00
2.44578540049242842968624245258979e+00
2.54574790368812120533448251080699e+00
2.54672206542182832933463032532018e+00
2.42253682667410918938344366324600e+00
2.29068336787226511930271044548135e+00
2.15504820878324077071397368854377e+00
2.01672555425061839073919145448599e+00
1.87676763798886980794122791849077e+00
1.73660462453815589434213961794740e+00
1.67814997587190073424778802291257e+00
1.67864376379365465297155424195807e+00
1.69377569508666381281614121689927e+00
1.72214774792111779966319318191381e+00
1.76353526506598679013393393688602e+00
1.81907259355284689483767124329461e+00
1.93198548422866944740405870106770e+00
3.58981897778348879590737396938493e-01
3.72019994919335239558222383493558e-01
3.75920153030596171372934577448177e-01
3.92394857358052462359410128556192e-01
4.22305692801469401143066306758556e-01
4.65362187043998232205410658934852e-01
5.20040081456516922742139286128804e-01
5.59929234240530315780404180259211e-01
5.19053969240612422808567316678818e-01
4.19157066566146097041922757853172e-01
3.15347816126560653859911553809070e-01
2.04292065898080577035500482452335e-01
6.07233859157345345902712097085896e-02
-6.85873193292028671130822203849675e-02
-1.56164699847084392780871553441102e-01
-1.69202796988070502948175999335945e-01
-1.73102955099331462518463808919478e-01
-1.89577659426787642482636897511838e-01
-2.19488494870204497999566228827462e-01
-2.62544989112733606617666737292893e-01
-3.17222883525251964087487976939883e-01
-3.57112036309265246103450408554636e-01
-3.16236771309347075575857388685108e-01
-2.16339868634881166142847064293164e-01
-1.12530618195296028272167632167111e-01
-1.47486796681534516190170691629646e-03
1.42093812015530923664741180800775e-01
2.71404517260467714745431067058234e-01
8.07568085564552728961018601694377e-01
9.43109582858738249022678701294353e-01
1.08180564807704215901651423337171e+00
1.22472238379701270361010756460018e+00
1.37045643462031430104275386838708e+00
1.51741564890785163299824489513412e+00
1.66374873735396588969592812645715e+00
1.80010324997504644883861146809068e+00
1.89682956886348241809514547639992e+00
1.92290549576360869643565365549875e+00
1.86710169188202557144506954500685e+00
1.76459630327511129976869597157929e+00
1.66015625522107868050625256728381e+00
1.53963088301702510918289590335917e+00
1.39524911236671234071593517001020e+00
1.25970761507252704269887999544153e+00
1.12101154985422302168274200084852e+00
9.78094814134252477089148669620045e-01
8.32360763310950990678804828348802e-01
6.85401549023413214634103951539146e-01
5.39068460577299513047933032794390e-01
4.02713947956218565327191072356072e-01
3.05987629067782873626413220335962e-01
2.79911702167656872841661197526264e-01
3.35715506049239442720732995439903e-01
4.38220894656154213997467650187900e-01
5.42660942710186833259911054483382e-01
6.63186314914240182538662793376716e-01
1.28845216188198374851481275982223e+00
1.37032014258212564428163204865996e+00
1.28600675580964507460635104507674e+00
1.18817142885169468868866715638433e+00
1.08954878991531267651282632868970e+00
9.90677654512321925750484297168441e-01
8.91736164915193585400743359059561e-01
7.91564801020528507891071967605967e-01
6.51863221422069538668608856823994e-01
5.86438658841304305546771047374932e-01
5.38834765441600471724825638375478e-01
5.04057194842617017904728982102824e-01
4.82223106876434437495504425896797e-01
4.73580637567647511065871412938577e-01
4.82939330973732761087546805356396e-01
6.09715190789489769329634327732492e-01
7.49897484232935673809095078468090e-01
8.89018926544704712888744779775152e-01
1.02597281164988163304485624394147e+00
1.15968439992608751687441781541565e+00
9.16810442121619995070602726627840e-01
1.01464576907956982587677430274198e+00
1.11326840801595294827563975559315e+00
1.21213954341894281085956208698917e+00
1.31108103301607181734311780019198e+00
1.41125239691073667280818426661426e+00
1.55095397650919508691913506481797e+00
1.61637853908996076413018272432964e+00
1.66398243248966415386291828326648e+00
1.69876000308864805177222478960175e+00
1.72059409105483052115914688329212e+00
1.72923656036361728105532620247686e+00
1.71987786695753275267861681641079e+00
1.59310200714177474523580713139381e+00
1.45291971369832961791246361826779e+00
1.31379827138656080087741884199204e+00
1.17684438628138354765439999027876e+00
1.04313279800517721973562856874196e+00
9.14365036049281432184443474397995e-01
8.32497055349139092328414335497655e-01
